24829952
24985600
25194496
25227264
25276416
22245376
22261760
21413888
21962752
21463040
22007808
21520384
22011904
21475328
21962752
21434368
21950464
21463040
21979136
21413888
21917696
21401600
21897216
22347776
21807104
22274048
21745664
22163456
21651456
22056960
21475328
21950464
22482944
21901312
22384640
21843968
22315008
21749760
22212608
21655552
22114304
22589440
22028288
22499328
21938176
22360064
21835776
22302720
21749760
22228992
21671936
22138880
22605824
22044672
22499328
21975040
22454272
21872640
22355968
21811200
22286336
22761472
22196224
22663168
22106112
22577152
21995520
22470656
21958656
22437888
21884928
22368256
22843392
22282240
22753280
22196224
22671360
22110208
22573056
22011904
22482944
22949888
22392832
22863872
22306816
22777856
22220800
22700032
22138880
22609920
22040576
22515712
22986752
22392832
22822912
22294528
22765568
22216704
22695936
22175744
22659072
22118400
22593536
23060480
22495232
22974464
22409216
22876160
22552576
23080960
22552576
23044096
22495232
22892544
23371776
22843392
23322624
22781952
23252992
22691840
23138304
22626304
23097344
23584768
23072768
23552000
22990848
23465984
22917120
23392256
22839296
23322624
22904832
23388160
23871488
23326720
23789568
23224320
23687168
23138304
23625728
23076864
23552000
22986752
23465984
23937024
23379968
23851008
23293952
23773184
23212032
23691264
23134208
23601152
24076288
23519232
23990272
23429120
23904256
23347200
23818240
23257088
23728128
23171072
23646208
24121344
23560192
24031232
23470080
23937024
23375872
23846912
23277568
23752704
23195648
23666688
24133632
23580672
24051712
23486464
23957504
23392256
23863296
23298048
23773184
24248320
23687168
24154112
23588864
24064000
23498752
23969792
23408640
23871488
23314432
23777280
24252416
23691264
24166400
23605248
24076288
23515136
23982080
23420928
23891968
24367104
23805952
24268800
23711744
24178688
23625728
24092672
23539712
24010752
23445504
23916544
24383488
23826432
24301568
23748608
24219648
23662592
24137728
23576576
24047616
24322048
23793664
24272896
23719936
24199168
23638016
24109056
23556096
24027136
23470080
23937024
24412160
23855104
24326144
23769088
24240128
23683072
24158208
23592960
24064000
23494656
23961600
24457216
23900160
24371200
23810048
24285184
23724032
24195072
23633920
24109056
24576000
24023040
24489984
23932928
24399872
23842816
24317952
23752704
24223744
23662592
24125440
24596480
24035328
24502272
23941120
24412160
23855104
24326144
23769088
24236032
24702976
24137728
24608768
24047616
24514560
23953408
24424448
23937024
24420352
23883776
24367104
24842240
24289280
24756224
24190976
24657920
24096768
24555520
23990272
24457216
23891968
24358912
24825856
24256512
24719360
24154112
24612864
24047616
24510464
23937024
24399872
24846336
24281088
24739840
24174592
24645632
24080384
24543232
23973888
24440832
24907776
24358912
24842240
24285184
24752128
24182784
24649728
24080384
24543232
23973888
24436736
24899584
24330240
24793088
24223744
24682496
24109056
24571904
24006656
24465408
24936448
24367104
24891392
22777856
23261184
22712320
23183360
22540288
23027712
22470656
22945792
22388736
22859776
23326720
22757376
23228416
22704128
23171072
22605824
23076864
22515712
22990848
22429696
22900736
23371776
22818816
23310336
22749184
23220224
22654976
23126016
22568960
23035904
23502848
22945792
23412736
22892544
23363584
22806528
23207936
22667264
23150592
22601728
23072768
23547904
22962176
23433216
22900736
23384064
22827008
23293952
22728704
23195648
22634496
23101440
23572480
23007232
23478272
22917120
23408640
22863872
23334912
22786048
23252992
23724032
23158784
23629824
23072768
23535616
22974464
23441408
22880256
23351296
23818240
23261184
23732224
23175168
23646208
23089152
23564288
22999040
23474176
22908928
23379968
23851008
23285760
23752704
23187456
23654400
23089152
23560192
23019520
23490560
23957504
23404544
23867392
23302144
23764992
23203840
23666688
23105536
23576576
24047616
23490560
23961600
23396352
23863296
23302144
23777280
23216128
23687168
23130112
23601152
24068096
23506944
23986176
23420928
23891968
23322624
23793664
23228416
23695360
24170496
23621632
24088576
23531520
24002560
23445504
23916544
23355392
23822336
23261184
23748608
24223744
23584768
24076288
23547904
24027136
23474176
23945216
23384064
23859200
23298048
23769088
24236032
23674880
24145920
23588864
24064000
23502848
23973888
21991424
22458368
22933504
22368256
22810624
22306816
22786048
22241280
22712320
22147072
22622208
22061056
22532096
22999040
22437888
22913024
22347776
22822912
22261760
22740992
22929408
