24768512
25247744
25460736
25509888
25575424
22589440
21909504
22507520
22151168
22745088
22196224
22794240
22351872
22913024
22818816
23384064
22917120
22462464
23535616
23068672
23605248
23162880
23711744
23138304
23662592
23216128
23728128
24240128
23773184
24182784
23732224
24195072
23744512
24387584
23916544
24432640
23953408
24453120
23957504
24469504
23973888
24256512
23851008
24395776
23859200
24420352
23781376
24289280
23789568
24276992
24760320
24244224
24760320
24252416
24625152
24129536
26247168
25731072
26255360
25780224
26304512
25817088
26329088
25833472
26329088
25837568
26202112
25751552
26230784
25780224
26296320
26808320
26308608
26812416
26324992
26812416
26353664
26882048
26411008
26800128
26337280
26832896
26345472
26869760
26345472
26869760
26361856
26861568
26357760
26845184
26320896
26836992
26333184
26832896
27324416
26836992
27336704
26914816
26947584
27475968
27025408
27529216
26943488
27467776
26992640
27492352
26992640
27529216
27377664
27885568
27394048
27889664
27385856
27729920
27275264
27783168
27303936
27820032
28282880
27832320
28291072
27836416
28295168
27844608
28352512
27865088
28389376
27910144
28450816
27947008
28450816
27959296
28479488
28024832
28528640
28041216
28520448
27987968
28499968
29011968
28504064
29003776
28504064
28999680
28504064
29003776
28499968
28991488
28495872
28987392
28483584
28979200
28491776
28622848
29126656
28463104
28991488
28545024
29061120
28581888
29077504
28581888
29077504
29577216
29073408
29577216
29073408
29573120
29065216
29569024
29085696
29614080
29122560
29618176
29118464
29609984
27086848
27590656
27095040
27598848
27099136
27594752
27086848
27582464
28078080
27574272
27979776
27516928
28012544
27516928
28016640
29634560
30138368
29634560
30130176
29626368
30130176
29605888
30101504
29605888
30101504
29605888
30109696
29609984
30105600
30605312
30105600
30609408
30109696
30605312
30105600
30601216
30105600
30609408
30101504
30601216
30097408
30593024
30097408
30593024
30089216
30588928
30089216
30588928
31084544
36909056
37462016
36397056
36413440
35414016
35758080
35278848
35778560
35278848
35778560
36278272
35774464
36278272
35778560
36274176
35778560
36302848
35815424
36306944
35799040
36302848
35799040
36298752
35799040
36290560
35790848
36220928
35741696
36249600
36753408
36253696
36753408
36261888
36773888
36278272
36790272
36290560
36790272
36089856
36610048
36147200
36642816
36155392
36679680
36192256
36691968
36163584
36646912
36114432
36597760
37081088
36560896
37044224
36511744
36995072
36466688
36945920
35532800
36040704
36544512
36057088
36552704
36061184
36560896
36057088
36556800
36052992
36581376
36093952
36589568
36089856
36585472
36085760
36585472
36085760
36581376
36085760
36593664
36093952
36593664
36093952
36593664
37097472
36601856
37089280
36589568
37093376
36597760
37097472
36593664
36978688
36511744
37007360
36511744
37011456
36511744
37011456
36515840
37019648
36544512
37072896
32137216
32702464
33239040
32768000
33284096
32800768
33325056
32858112
33370112
32886784
33689600
33681408
36667392
36167680
35074048
35602432
35131392
35655680
35168256
35667968
35164160
35532800
35078144
35573760
35078144
35598336
35123200
35643392
36155392
35651584
36147200
35651584
36147200
35672064
36175872
35672064
36171776
35672064
36171776
35672064
36171776
35667968
36167680
35667968
36167680
35672064
36241408
35741696
36237312
36728832
36261888
36761600
36261888
36773888
36270080
36765696
36286464
36794368
36306944
36802560
36306944
36806656
36315136
36814848
36315136
36814848
36315136
36827136
36290560
36814848
36634624
37179392
36712448
37216256
36585472
37113856
36642816
37167104
36683776
37187584
36683776
37187584
36683776
37183488
37683200
37183488
37687296
37183488
37679104
37179392
37679104
37179392
37679104
37171200
37670912
37171200
37675008
37171200
37666816
37163008
37662720
37167104
37662720
38240256
37744640
38244352
37748736
38244352
37740544
38240256
37752832
38260736
37756928
38248448
37748736
38248448
37752832
38252544
37744640
38264832
37769216
38264832
37765120
38264832
38764544
38260736
38756352
38260736
38756352
38260736
38744064
38244352
38731776
38232064
38719488
38227968
38719488
38219776
38715392
38215680
38637568
38187008
38699008
39211008
38711296
39206912
38719488
39243776
38752256
39251968
38748160
39243776
38641664
39153664
38662144
39161856
38662144
39161856
38662144
39161856
38658048
39178240
38719488
39219200
39714816
39219200
39718912
39215104
39714816
39215104
39714816
39215104
39710720
39211008
39706624
39211008
39710720
39211008
39702528
39206912
39706624
39202816
39706624
39202816
39686144
40185856
39682048
40181760
39616512
